3 0.524970 0.418994 0.514205 0.404708 0.509420 0.398214 0.483104 0.391721 0.452004 0.393019 0.440042 0.412500 0.437650 0.433279 0.447219 0.452760 0.454396 0.461851 0.466358 0.467045 0.479516 0.467045 0.489085 0.464448 0.492673 0.460552 0.498654 0.450162 0.510616 0.434578 0.515401 0.433279 0.522578 0.429383 0.524970 0.428084 0.524970 0.420292
3 0.524970 0.430682 0.511812 0.433279 0.501047 0.444968 0.497458 0.457955 0.496262 0.470942 0.498654 0.481331 0.501047 0.489123 0.505831 0.495617 0.511812 0.502110 0.522578 0.506006 0.534539 0.506006 0.547697 0.503409 0.559659 0.493019 0.563248 0.482630 0.565640 0.461851 0.562051 0.448864 0.553678 0.439773 0.541717 0.434578 0.530951 0.431981 0.527362 0.431981
3 0.576406 0.594318 0.570425 0.573539 0.579994 0.546266 0.606310 0.529383 0.615879 0.528084 0.642195 0.526786 0.654157 0.531981 0.660138 0.552760 0.660138 0.567045 0.655353 0.576136 0.640999 0.591721 0.629037 0.599513 0.611094 0.603409 0.601525 0.606006 0.589563 0.603409 0.583583 0.602110
3 0.698415 0.569643 0.691238 0.555357 0.684061 0.541071 0.692434 0.522890 0.703200 0.515097 0.715161 0.509903 0.743870 0.504708 0.760616 0.512500 0.770185 0.526786 0.771382 0.533279 0.770185 0.547565 0.764205 0.563149 0.759420 0.569643 0.746262 0.578734 0.731908 0.581331 0.717554 0.582630 0.704396 0.580032
3 0.728319 0.506006 0.724731 0.489123 0.724731 0.468344 0.740281 0.447565 0.761812 0.430682 0.776166 0.425487 0.791717 0.426786 0.801286 0.433279 0.809659 0.446266 0.813248 0.474838 0.806071 0.483929 0.795305 0.498214 0.788128 0.506006 0.783343 0.511201 0.777362 0.515097 0.770185 0.516396 0.755831 0.512500 0.745066 0.506006 0.734300 0.506006 0.730712 0.506006
3 0.686453 0.580032 0.675688 0.581331 0.661334 0.589123 0.649372 0.616396 0.649372 0.639773 0.655353 0.660552 0.664922 0.670942 0.669707 0.672240 0.682865 0.673539 0.699611 0.673539 0.711573 0.673539 0.717554 0.667045 0.722339 0.648864 0.724731 0.631981 0.722339 0.608604 0.707984 0.590422 0.700807 0.582630 0.691238 0.582630
3 0.630233 0.459253 0.630233 0.459253 0.625449 0.476136 0.636214 0.494318 0.651764 0.507305 0.668511 0.508604 0.685257 0.508604 0.693630 0.508604 0.699611 0.504708 0.709181 0.487825 0.715161 0.469643 0.705592 0.447565 0.696023 0.431981 0.682865 0.429383 0.660138 0.429383 0.619468 0.456656
3 0.233104 0.711201 0.213965 0.712500 0.204396 0.708604 0.192434 0.691721 0.182865 0.683929 0.180472 0.665747 0.175688 0.639773 0.180472 0.631981 0.191238 0.622890 0.204396 0.620292 0.209181 0.620292 0.225927 0.625487 0.235496 0.635877 0.243870 0.644968 0.251047 0.667045 0.253439 0.687825 0.248654 0.704708
3 0.243870 0.581331 0.258224 0.589123 0.288128 0.593019 0.306071 0.589123 0.310855 0.576136 0.313248 0.564448 0.307267 0.544968 0.291717 0.533279 0.264205 0.531981 0.245066 0.538474 0.237889 0.551461 0.240281 0.577435
3 0.553678 0.322890 0.551286 0.315097 0.551286 0.291721 0.553678 0.269643 0.569228 0.255357 0.575209 0.250162 0.589563 0.250162 0.603917 0.256656 0.617075 0.270942 0.621860 0.286526 0.621860 0.307305 0.614683 0.321591 0.611094 0.322890 0.599133 0.317695 0.583583 0.312500 0.565640 0.318994 0.559659 0.326786
